$ANSIBLE_VAULT;1.1;AES256
62396533376438303138366363393932633665303630633536646334303632646661356463643139
3265323037346663626636346530323265353637343831630a323239333436373561616538303532
33643363366165306464623462396363353762353766396564346461343037303431306231326235
3730383266376630650a303938313465376534633232393761396636363161646337343032376333
35383939666264636131643635346430363731666337336130396465383230373339303736396238
63363938393933306636623134666162373766353636313739306137646265303733346334396665
32363332373439303533633138613138373631363962313633313238303666326336373165653638
33393534383464613332383236333735616461636235656430356561373439666262306164303638
37386531336662643032623632343162353936323831336230666633663932653365643264323131
66376230383462393037613465306234313162333834386339366437303464313938663432383661
34666266386236616465373364366630373131323738346264363634323464393666333165626463
38636462353364383632633437333631396566303262313964636532386662363331393266303638
35376433613134666131646462623866613864396630656337393464663864616265393663313034
36323731386164653132633866366265346233336634343963646138363162313637343331323561
30333462393164323664393134666233663437333130616366326437656161343138346538316663
66393364373966633362623733323136346165356131366434656165346538363965333430336433
30336133646631626465386631356334383536386266623633623063383331613832623666393936
65323833313633363630643133383066616234363066666136326263306230393232623634623635
36313264666239306262623532346164386535633630323766613535313861613866306239346330
64383230323164323965653862613962623730323164336363646334353564326461323530363663
39393461363065333637393763623230313732313032346639333862663838396562383238323136
39353765626262653739353462303732653463313162393238366566646262633631346535643564
63326331366232663830636535376434356237663635323530366664376461323436643835656130
65643732366436616236613937343436633238656162646462373132626639396236313439343261
35393763363137353236393531653239643932393161366237363035326533386231633164346230
66326565613035393337666464313833616538336139383063643264663232393163393861336536
61326433313336333436396131323530356536643934303034633830643134323035636664616464
34346438616436306461303736363137613234383330646562303265343831623161393038353038
65353433313366663532653935303233376164373833323636306431623663313366303230373539
64616539663932313232336565656334636637656464636133616437313636653963376166373632
62373262663438316365373732366262613330363763303164643764343333656563653236356536
35313634363662343233363064343063386162623963326639306661666235663935633031353464
65306532313966306235396236333334666237333465393261636165323564646231386365353638
66333235363230616136313038353835366539343436623339623837633230393533353665353534
65323233663231616237316666643166616362343638326562346434323634336333323238316462
35373435393265613661316565393930386166663064613333363164363862646561343264353536
31386234636336356430326637666536323630333662643830306666303731366661316562326134
31366133393338323165656263353932646364366331333937626633623466333131396636393664
32323462633934303664346630626163306461383063623537616630373036313831366239313232
33663065313537363138666461653038643937633130306461326464373266323932636463356665
35376665306537323532373865393236653564373631643035633166336363376535373432316666
63643464653864613633393931636365343233373161313936656230666438613935613639393837
64663033623039346436656535636662333362633661653935326137343039376235336634323036
32616538373332616334393963666134356635643938326163623032376634616230633065383564
38613161623930613631333131306332653830613839316334646531323830623439326364636463
65353161373661643830326638666363613961633061653764323037373564636665633031663664
37343862626264366335373836383035656436393335333335323966396563306630326562643665
31356431316433363863383765633330396265646230376132366132366130663466653830366238
36353234366436393638373463313539613562393334666239356463383164633733643661316333
33656333646238663237343737646635363531363135323438653165376665313864373735393737
37383130333033386631653534396461353064323962616239396630663163633665653437633563
66636666613762396237386139313033303636313936376333373861646365626338353263623533
65633361613037313263313435633766326666663337383631346466613737303636363162333861
38313933346339636164326661623836366236386638366565643866666165626432303430313838
32626366653539623565366263323532663161393338346262616133643039396564326539656565
38663365376661656233616565373539666234393537616632306435333935303161323664633532
34663332653935343739313935666362616465613434393530306130656130373733663233373439
62383739663431393335396238646538636662323939636639623266396534303937396533613039
34303833363138323234373565313163316265383763613435353236303362363534653330646630
35386532323335366634376131663765663533303763323765633834373738613366363235623039
62633332343230316633613461623433313537373863323366373866386336316665313563653434
36653431646564656162393730353265333131333633303336373034653436336437336366613865
61383530663265353634653662393237666561316536346535323234396166623934656464376434
33356233386234376339653138616236646537383339633234336237366535306335643736393265
31393662623364346330326265383332326130313137353134666239643637393234303661393664
33633832613735636161373163376636333836386533363538393264393063643530663738386330
35376337363761633135653531366532613437396165623565376464616164323331373364666363
36393230343131666231363032346537383464333838313634626439633663353234636663396431
33613436653462396565613132373464366430383838343863336532393564663737333933356339
62663236356238336337313664633236323165353963316463366663303662363333336430306437
37616130646532373361303231616232666131333264663639636239343436656636343739383339
63366663346263333461373738656139636365616434616464393962393663333039353134396564
32656334306632396566656332353134646261323832633366376635633830663361663762336338
37653334653363623032346161376133306130336534393464346432346364313834386663373231
66656531636166366438326561316262613638363636386433613764303061376438393562643637
31373565643064363933393539343064306135353030623130366630383832643430643232396539
34613833343466343635353935343063396135396439326364633934643937333238336162653732
33303662333633333865393430393235663238303066653038353664303865666137613838643931
35303938613132663435613661646431333565343136393865336565313162343832643233396166
31336133633138636164666233646231356561356537623665313038633964376135393530653235
62346336666634313261376461376639373932633865386461376238653636633930363430393134
38346237643639376233666538653039376465643536353963663139383537653765386261346536
34613264326563613035336333356238343834616263623531303161346134306236663065323432
39326330323936356462356635653734333237396166633030383333666638373339323536613739
64643566306462653962316635343236346264386162393432373162306632633136333363373439
30353661396161316135633064653734353836623663363434613630653635373831643639383930
65393434623537353133376639613866656233626662396261383234623663646332363030393332
61306234643237626236646265393866303833306235363832386262616665613033333830643166
31386561383836623866663961666532333465333633666163383538636332653830313739386165
31656534346339386366346461396439623630393063613530373162626263383236613063633531
33656234643965303838326538643239383135393432633032663566383732666262383233373834
66313533663334663666333832613462393333356432373765353138656461653336333131653138
34313034366232396161633135326338663039333065616265373731613435363730393134613231
33636263353930323530323238656530356461346634373231313033656138643631353463303265
37623866373138396534633335336237386164343238313764356561303736636634653431616533
31333539326539643962326235623332396466653431336232346633393766613934306164613132
32316134303737333464363330366339333563393436383434346231326136623338653561313830
30393538346630623763656261386235366331346563643066643930666564616532393362616635
61373832356630633538633963656634353433333262646135393065386165613431663430383337
62633136633038323633666634646133353730376433303663353537646361376234363231323335
39643639623834353237306139303830393965383532316463303239376563396232613066656533
32343761656633646462643838653464363961663230396537353938643637323962643639363665
31346132663537653961626362306530393831383365613636336162353164303564326562666465
37663037653463633662363766646265353032333437666337366362373439313934386235366632
38633466366434393961333061373630303436303861393934333038643363393165646662663066
38333736343761643634343332386437646465626539613033626530616637373539383533616137
36343330616539646532363031313030393730613561373463383930633763353231363232356539
62303632663734393332313666633462653737333231653266393836356137323663343032333964
63646531613832396562306330326562633639396465336230653262316431616239373130623836
37633936383464663237343033646262326234313064313863393162353537376566656437346238
32376436323937366631613733396631346262396430643833343866633232396236636662313134
38343034656333353063356363663437633730653536656162326163306461663964626362616631
31303961336137666130646633343035626433393437323231373835626136636436613036323430
37643464313466343637396562616465363832316439653763373266353838323538396230646665
38326338636462636536656236326536326462623462663834353835646535353039666633396137
31376561363539386162343466313034626330646335343039386463633332356164323062666431
30313637363862633138613535623563363164636130656333663139643062623537636162633937
63313965326136316131663234633164653531346664343231383230366265343763653965356333
34623963653666336330383761316433623631353537383633346432346563353539366165386336
39383437313238386562363565363566393962346138396531333635336632623637333637353032
36616139366466393236306266336534363062616338346236646466303537373230636661396366
32383561636162623337316661666465333232643966323033656562636261643934663836306434
39333233613665383065393133646465626338333236316635323864333433373437323138303666
36316166623564623362663830366139393833663537313364346637393739653233326661313738
35643135623733323963613834663634333233653737616335326430346165363066663862383432
62656233613833366632333231386364613062376636616539616439366130386563316363396663
35646362363061386539386233333438323964623065393363343030623865316134653139633039
36383334383963646364636462336239666161383733366532303565336631643933313932396663
65353139316637376236323731646261616536326434376564343461303466623330373361633931
33386162353662616532646332303934656232363764636339313934373661346637396336306661
30373238326532646337376131346330333132306336383465376565356234623839623761386261
37346337336463313030373339373438633730346339383839653234663439636532336266323866
37613431323162616433623566353038313334363265636531633831376231613636303533383564
62346533643130623934613565623863313530353637613239373934363236653538663066343137
64303732616265363931633864326331343033663766333838353738326463303563393462336533
38656166316532366661666631393133376563333363343866633362633736656130363364663238
36663036333563353436343832313863333336386239346137336263653332343063613935353162
32613461396263613333343761663166383237623562643634376664346563316132656265343834
66646137653861623661333935363834376663633536656333616638353964393663643539303930
30333765373637383637363832393432326136313037326236663230643564353361306565313539
38616163373139616133393333346334326437353966346364633363353862653532643362643364
34366431653334613436326165336533613330656237653261656366653831386131336337346632
39613833343364386335633436623335643839366136636464386563626561653533396562366430
38366333373436623235623663376166313336306433393235633965613938343933386130366166
38366239343532623232366532633831623763663364343734393738623235313931303239366431
37373066316566663031626430383930653835653365326639316166663664366163323565623431
38356335666431643831343664643636623031663861333064646532636134376662343661666136
38616238623738396561616161323962653731666637643163613939623664653935663663363434
61626636663833643032653136326232303330663238666461356665363732386433623662633735
31666466343834633338656239313138316134646564323038343863623436313930386537373335
37643430356235623366393361336139303439636661363735363735623436356335333065343132
39636432363963656564323131653137333936646362313764343933316663303436613366613834
32343534383066626234663139616638343531353365626465383864303131633033633230653230
62633261313837333761383130393339393835666237353030623331636463353166363231623266
33323733366663376230636339306365323137633039656333313038386266373138346562633636
30643631643366376265306666343130643235663262636638333835653730376664333131383936
65633663383362376334376465316138626536616635613663316162393663626638363261616639
38396230306234633834653464393463346662646466366166313866343735363331373637626133
63376662373138623063653232373165393162653230323562353133626334373165373466363837
66643835616464336562313330663633613035376562306363646565373338383937313761336431
37653466366566313462656666663466313632386433366164323037333230626135613561326664
64623438346466343939383137383034343237326564356264633734613265313035333631313966
33653338633063613936623430343732376665396466643461653266643139393439316365376561
63613863653931656432306338386436636430343631663165663861366537623032383462666265
37336234336463623238316363313534373465633330663666386331363939346638633432653531
65346531303836623962363063386636393133316135316534303264636266306437623438336339
66306162396561396634626137623436373237313030653731346632363833663737323736656362
39373239393239343237363037323731666430316534383932336134393739333364333337303962
30363034636561373135626637366264623538393532663763383462656639323366343630323762
39346137353239623863383235333739313635303530323964356463626265636233373561653030
38633739343963313461316562346533316637633030616435633038373961373261366361646439
30623562313434643631623531616237346137333730646639336234666639653462666134326465
38643036663232383034396434626165326461336439396236313762636436353939
